<?xml version="1.0"?>
<opencv_storage>
<rvec type_id="opencv-matrix">
  <rows>3</rows>
  <cols>1</cols>
  <dt>d</dt>
  <data>
    -4.8441913843e+03 5.5109448682e+02
    4.9667438357e+03</data></rvec>
<tvec type_id="opencv-matrix">
  <rows>3</rows>
  <cols>1</cols>
  <dt>d</dt>
  <data>
    1.9007833770e+00 4.9730769727e-01
    1.8415452559e-01</data></tvec>
</opencv_storage>
